,RMSE_Normal,ID
0,185.024601359592,0
1,95.32043187407533,1
2,17.733212634962744,2
3,206.8675421788039,3
4,329.09074249537707,4
5,1067.5139651968138,5
6,37.53283252452658,6
7,138.41900013870634,7
8,630.4886840664819,8
9,1011.2088761466027,9
10,340.90430940286245,10
11,0.0,11
12,1893.202551617897,12
13,222.63994062535784,13
14,50.42780744136319,14
15,133.10355650047904,15
16,193.83298914805135,16
17,119.79575382762044,17
18,359.3914732140072,18
19,421.4755234486095,19
20,57.60827949028326,20
21,2.798972578855386,21
22,545.3912082393418,22
23,98.75426593566223,23
24,147.62176740815656,24
25,189.19989697051977,25
26,172.28934322205578,26
27,204.65017909814665,27
28,112.59473435590989,28
29,49.661318747436795,29
30,158.54445194695705,30
31,508.7913176686916,31
32,318.74632171795963,32
33,1612.8607296362661,33
34,134.4580779881558,34
35,34.315403303053955,35
36,3360.891271983398,36
37,201.65804968470985,37
38,278.57816475612003,38
39,113.47753919379878,39
40,67.48802702381492,40
41,112.02867401245578,41
42,4732.344196347346,42
43,105.11842252199659,43
44,112.54941708471941,44
45,251.06732993190562,45
46,55.185922190702456,46
47,5572.761856549291,47
48,241.72205578270072,48
49,6.035511845131835,49
50,133.35729478009662,50
51,36447.52571674921,51
52,58.46441836481553,52
53,13.813720067013676,53
54,155.18374075130168,54
55,47.86156561519104,55
56,196.3238429718229,56
57,259.59298462346254,57
58,148.1957953039115,58
59,87.28743853704579,59
60,246.4553111869352,60
61,134.18682396018232,61
62,473.36136337457594,62
63,4.838474624829282,63
64,760.1404635571303,64
65,6.240424672062591,65
66,63.5511631143854,66
67,0.0,67
68,323.82931446455575,68
69,77.19468000838543,69
70,669.4974636884838,70
71,2300.5830216328604,71
72,1.0759731784931716,72
73,133.41588572077166,73
74,105.6347619687202,74
75,192.95267151086193,75
76,463.4388652044904,76
77,100.8695989651431,77
78,419.9621332996353,78
79,62.747285516197074,79
80,56.345324474429376,80
81,150.64797625298056,81
82,74.32334349265301,82
83,110.31913616062658,83
84,83.11795723487275,84
85,1.4656350673254308,85
86,41.15361554617074,86
87,150.5417102308559,87
88,5.056014625341611,88
89,219.71357794600164,89
90,0.0,90
91,231.47558758075326,91
92,0.0,92
93,234.0460476826071,93
94,112.89051362491878,94
95,47.235853396924824,95
96,2037.8686808323287,96
97,18.26890923460737,97
98,342.5644068592146,98
99,211.60815463898558,99
100,211.582859521555,100
101,46.147785717792985,101
102,166.61210734931575,102
103,327.5546266409042,103
104,412.1187689413815,104
105,104.64689917227147,105
106,340.3299910250332,106
107,56.31342074369889,107
108,217.25970511521368,108
109,267.6285561657025,109
110,149.72081022686683,110
111,3470.350699047929,111
112,520.1729164093778,112
113,345.0729974894316,113
114,190.99035649239812,114
115,173.17236625226485,115
116,427.0797773749323,116
117,3.467687246465026,117
118,253.8445436296783,118
119,157.49673686031724,119
120,199.51044189098036,120
121,247.1364092332003,121
122,1143.5836248248859,122
123,3.8709594616101395,123
124,1181.900060536559,124
125,258.289407964076,125
126,249.9144170277932,126
127,138.18104638312025,127
128,89.57594493775447,128
129,176.4008100171185,129
130,115.17086977021305,130
131,69.28539528563692,131
132,124.56225995612408,132
133,975.747695703351,133
134,286.3043491094602,134
135,126.83129504435905,135
136,175.2808723997376,136
137,103.2364071572056,137
138,0.5660918432604894,138
139,104.8001015058667,139
140,369.42604141692766,140
141,778.1592883598992,141
142,281.86562888975175,142
143,119.8402860193826,143
144,569.7943463149264,144
145,150.6136960959884,145
146,124.32293316530078,146
147,209.98933051433502,147
148,894.9506920039069,148
149,6.429023116823323,149
150,350.4796700776429,150
151,0.0945190437906659,151
152,254.45825586550552,152
153,75.31147904610887,153
154,216.93024240369962,154
155,90.39793238495571,155
156,51.71155057922424,156
157,138.54125223951178,157
158,238.38732709176963,158
159,241.5748636925432,159
160,2209.723792287773,160
161,30.80163429694088,161
162,73.00895015569061,162
163,115.30053186154902,163
164,176.50735077747055,164
165,145.2903876649468,165
166,101.04603542699758,166
167,447.9790707592309,167
168,163.90052237039802,168
169,165.86060185661904,169
170,157.11613015923174,170
171,851.2023800741908,171
172,569.6161300603223,172
173,0.0,173
174,445.6572364083148,174
175,324.6150865823922,175
176,0.9546875495464064,176
177,205.79682407969818,177
178,95.98220746166663,178
179,409.9625133006334,179
180,188.93476158608388,180
181,23.310482249402526,181
182,145.95701139114706,182
183,399.1894514294614,183
184,226.14559007224273,184
185,193.0090505729434,185
186,194.3708429372426,186
187,553.0618901089704,187
188,29.30018048190474,188
189,297.9623954627879,189
190,138.85914363865777,190
191,208.8891351001716,191
192,66.2453124427388,192
193,493.3762885649187,193
194,288.3084141330008,194
195,351.93697082796956,195
196,132.07308736588251,196
197,54.56700497551298,197
198,64.63502489003731,198
199,1.1624749927222902,199
200,59.484276541823434,200
201,350.36739597284753,201
202,544.9053502658592,202
203,59.80227826510686,203
204,59.42084816651747,204
205,79.8979915996461,205
206,275.6507385033379,206
207,227.19729677887193,207
208,117.51514230904993,208
209,0.0,209
210,31.30929646498161,210
211,120.80678963230615,211
212,147.72076880357787,212
213,303.20404772724356,213
214,199.00502884007315,214
215,71.26694858880238,215
216,224.93782233484416,216
217,249.4378942225847,217
218,38319.490721420174,218
219,11.74376091819729,219
220,197.71175567686106,220
221,151.56182710092253,221
222,97.75835078126775,222
223,512.1465326249153,223
224,403.038855142007,224
225,85.37081269087884,225
226,189.0680948157746,226
227,94.25371855722041,227
228,86.1423630143986,228
229,83.22690466209116,229
230,73.00114608593415,230
231,8522.831638195647,231
232,131.38206788638308,232
233,25.21602078697137,233
234,106.10569969424554,234
235,97.5439627625085,235
236,274.1984370952738,236
237,42.39732670485401,237
238,126.22443728507376,238
239,339.4664474796361,239
240,184.89259282112957,240
241,373.40172823751163,241
242,72.39045048717485,242
243,96.79488811514034,243
244,49.40285327850429,244
245,97.67072905891382,245
246,929.8468500154529,246
247,191.59559180437464,247
248,353.95311283726164,248
249,59.30291191097906,249
250,75.2828190171868,250
251,134.69436067562336,251
252,208.12289807709277,252
253,41.57526511017963,253
254,818.3429472595187,254
255,129.46880584489853,255
256,173.08729743991225,256
257,473.4738816191747,257
258,291.93322077138095,258
259,171.83942428714766,259
260,268.0909803980061,260
261,128.83919348693087,261
262,71.86549032084272,262
263,266.50332610416444,263
264,240.65913116654232,264
265,3.828093949781608,265
266,7.1122854667165445,266
267,0.0,267
268,144.19401853934858,268
269,170.81644469209124,269
270,66.9751710816173,270
271,107.56692925201153,271
272,0.0,272
273,93.6431392698957,273
274,746.114416778761,274
275,200.32033025356736,275
276,84.17186367867993,276
277,91.9302753503034,277
278,186.404440686268,278
279,4.592050639521864,279
280,61.22410715176839,280
281,97.62050939305774,281
282,213.961937855389,282
283,151.81372783375076,283
284,8.12277497186398,284
285,118.72364880268213,285
286,23.04806446880803,286
287,721.4282246424284,287
288,315.1582065441239,288
289,108.79040917960094,289
290,63.92806109087172,290
291,408.82845346788747,291
292,18362.238820571878,292
293,452.5115269178805,293
294,10.535002330818092,294
295,104.09683542736909,295
296,37.229108152938586,296
297,76.05365559314016,297
298,379.49495168325257,298
299,1118.8506475672787,299
300,65.94138223601378,300
301,47.047975714278564,301
302,101.72518720505455,302
303,101.29440363871622,303
304,181.3090092852128,304
305,55.59132290921538,305
306,308.86332472252985,306
307,276.6636861152334,307
308,93.53780385260531,308
309,51.368751010694496,309
310,59.40228602005277,310
311,88.32777427334052,311
312,97.12492725683023,312
313,45.299379139866744,313
314,108.76473037601883,314
315,154.93515438070972,315
316,95.04640721354222,316
317,158.28962019273428,317
318,608.6593710860229,318
319,295.14556699679804,319
320,55.73348855358244,320
321,284.5417398212866,321
322,130.867551258417,322
323,1.4103940380456241,323
324,614.0199392272104,324
325,195.11654248502225,325
326,13.69696226775965,326
327,61.96218102828358,327
328,101.07825009171985,328
329,136.27443531110603,329
330,0.0,330
331,947.9739786418276,331
332,24.08982259303221,332
333,58.82701966650903,333
334,746.9939536759366,334
335,1201.6138163689532,335
336,257.9294970221174,336
337,0.0,337
338,134.15632363105428,338
339,192.12926825428102,339
340,126.34414082326629,340
341,1142.6801580918375,341
342,179.84709998600613,342
343,290.7075356010667,343
344,57.01269574818558,344
345,104.80330324252064,345
346,1095.5879442963549,346
347,26.404304493337033,347
348,575.8347136171958,348
349,223.21855854634939,349
350,14.701566163018747,350
351,362.1203272983409,351
352,68.94475503490034,352
353,218.80491341999158,353
354,79.39112433855068,354
355,4445.629368722851,355
356,0.03955608139583386,356
357,172.35705180764526,357
358,7.350282734621388,358
359,1968.7512530506526,359
360,888.6662342559043,360
361,1.9255164562302514,361
362,44.167492810673146,362
363,165.33610078084195,363
364,70.30876133982908,364
365,258.27584389570757,365
366,80.76018228332212,366
367,108.09132944124069,367
368,42.37826026506324,368
369,136.76508850313877,369
370,258.019375095407,370
371,6.892924791086351,371
372,275.36676513924505,372
373,8.76478199394015,373
374,9582.172561279622,374
375,2588.4387832889074,375
376,0.0,376
377,23.155417612032252,377
378,207.8934733844372,378
379,249.99947690452103,379
380,16.916671650701502,380
381,201.60231864950418,381
382,39.25112676663429,382
383,143.36069801040998,383
384,145.91326246934827,384
385,325.28794970883,385
386,530.2047945314181,386
387,95.45007109767984,387
388,672.0420301179579,388
389,236.95213747114948,389
390,89.90268536500636,390
391,222.54626488944012,391
392,324.29196774463793,392
393,220.5591029358552,393
394,279.1993357381265,394
395,193.5395687934145,395
396,161.86551729707227,396
397,12.586424648429313,397
398,90.14509031182851,398
399,110.98892423221388,399
400,344.3547544239791,400
401,128.79597809016224,401
402,116.39267004055955,402
403,206.8767110408841,403
404,199.1241252123402,404
405,12256.558586315907,405
406,183.07782038084716,406
407,203.09717064761702,407
408,133.90602594976548,408
409,98.48940783826237,409
410,98.68910685456764,410
411,59.363035423755534,411
412,258.92987459742716,412
413,700.4957667477538,413
414,1.7756258074599505,414
415,138.1760562891598,415
416,202.18053100106766,416
417,254.56017518577897,417
418,7264.678587808359,418
419,194.73079038381218,419
420,649.5293854244746,420
421,73.67867955362406,421
422,78.08121476436952,422
423,118.8129502797153,423
424,49.16817260171478,424
425,101.50652266529684,425
426,177.02620456413888,426
427,0.0,427
428,486.60026987884794,428
429,0.0,429
430,262.6958042335601,430
431,185.66821043188452,431
432,39.40418620897739,432
433,104.67714191330495,433
434,27.95547449404937,434
435,89.1438216829246,435
436,2066.5632063350067,436
437,208.9445975608169,437
438,38.064563163093425,438
439,73.32673978287247,439
440,547.5975958870999,440
441,176.04361274622806,441
442,354.27637455790415,442
443,58.54639664121304,443
444,155.56979293634356,444
445,128.7561333882153,445
446,49.200347538094135,446
447,479.629126022722,447
448,8.68153582777932,448
449,101.70615975953652,449
450,343.9118522489916,450
451,767.4272954686803,451
452,185.91033793918422,452
453,317.8797583658938,453
454,123.19944289107085,454
455,107.66130814560131,455
456,143.67008242453073,456
457,127.71490540148608,457
458,90.60709804917464,458
459,1670.8397132171976,459
460,95.86535835041012,460
461,25.588458308356582,461
462,0.0,462
463,87.98138259215487,463
464,90.53372949234512,464
465,218.91673733829947,465
466,17.73524343900327,466
467,8481.762778474087,467
468,110.63822833799892,468
469,91.32598078728927,469
470,35.78445804730792,470
471,0.0,471
472,484.6625930195906,472
473,175.32209781547246,473
474,2548.087103032375,474
475,113.40284347681794,475
476,238.90212342173692,476
477,331.7165526188745,477
478,112.09488998469536,478
479,75.73823440495474,479
480,6.175567642242003,480
481,37.56823522652527,481
482,16.477311385279826,482
483,165.2137088775488,483
484,87.97313149205736,484
485,5066.884386065969,485
486,196.56189316947757,486
487,47.996437289102786,487
488,376.1941812716603,488
489,156.69786695657638,489
490,87.03352218717754,490
491,592.3036070778697,491
492,175.5442871969562,492
493,207.23781219188373,493
494,206.08623649834507,494
495,53.776307858437505,495
496,126.8811735861571,496
497,79.82485913646725,497
498,558.854011536935,498
499,226.55441962133105,499
500,142.90543987625745,500
501,538.7383920845799,501
502,2294.9563358386918,502
503,75.76910690845813,503
504,21.155545266703474,504
505,192.7519207275862,505
506,104.40596419799861,506
507,166.57457955171265,507
508,91.46323526976724,508
509,162.88615149329542,509
510,145.90532462374648,510
511,115.17303864592488,511
512,169.48955928462289,512
513,145.72081651909542,513
514,76.61160535855706,514
515,94.84911491961849,515
516,80.5291300890994,516
517,438.04418278327813,517
518,152.0736829684135,518
519,0.0,519
520,87.23893788587509,520
521,285.77657861972364,521
522,80.8474364174902,522
523,174.0805991116128,523
524,321.53206277331924,524
525,462.4674259184781,525
526,172.03328785736096,526
527,75.82746771565422,527
528,108.6417911338425,528
529,653.5986501275322,529
530,150.48453307103912,530
531,398.73476904499347,531
532,109.28425156363673,532
533,146.40616796510562,533
534,80.20555135512717,534
535,50.13014151830011,535
536,123.95198680186994,536
537,0.0,537
538,141.44441858666812,538
539,172.43494971747833,539
540,340.577700413237,540
541,48.05427613586007,541
542,36.92801406590865,542
543,17.70401216100877,543
544,49.73380856646441,544
545,1206.6790595789746,545
546,0.0,546
547,0.0,547
548,91.92908867509533,548
549,244.0524249879541,549
550,62.63302864308683,550
551,96.08363255680592,551
552,127.48618886650563,552
553,0.0,553
554,130.05860303662342,554
555,245.9585566155676,555
556,232.17830371121624,556
557,201.39615347864927,557
558,175.55348909806136,558
559,41.52824677428876,559
560,208.7435061034943,560
561,173.4988338116044,561
562,284.2709584350697,562
563,151.16211201005476,563
564,0.0,564
565,77.08690737052784,565
566,125.79548098425829,566
567,62.476032832972436,567
568,97.2385904643817,568
569,77.94630964256388,569
570,261.40088978808546,570
571,53.33364470888502,571
572,133.46920010131808,572
573,250.60882533184983,573
574,413.3978408589385,574
575,166.91133675818128,575
576,442.62392168691036,576
577,85.73464841361269,577
578,162.34450935036992,578
579,59.5140914644264,579
580,257.8724864727762,580
581,621.228853791783,581
582,1509.237669712774,582
583,2218.0268598147845,583
584,839.9260343334721,584
585,252.56486805292437,585
586,281.9656770158426,586
587,194.3514610904206,587
588,152.01782196251293,588
589,10.810734655408552,589
590,199.03827362174633,590
591,127.81595915792167,591
592,99.97843408185304,592
593,197.5764130550083,593
594,151.1125106024201,594
595,239.1424972344028,595
596,101.00799327879514,596
597,106.37891868948212,597
598,76.40515077330011,598
599,74.14733604977843,599
600,123.34417721763035,600
601,204.93881675205006,601
602,190.76233455812823,602
603,78.6674150920507,603
604,213.97118210578228,604
605,1076.8996830425697,605
606,139.87755273101723,606
607,115.99368702782076,607
608,128.88736021672713,608
609,135.89060798258356,609
610,388.6989558634407,610
611,297.9692368058362,611
612,25.592271656780003,612
613,75.79295530333945,613
614,147.43888262721327,614
615,126.63661943123796,615
616,325.9181389779505,616
617,80.0483003379945,617
618,487.8229475772918,618
619,562.7815162361048,619
620,288.2816089449808,620
621,333.99635621846227,621
622,107.30227790625102,622
623,33.46569718621006,623
624,119.27496954490333,624
625,118.56643615539835,625
626,169.35758776420369,626
627,2.199171549147183,627
628,0.0,628
629,130.42911474811945,629
630,66.81757508770738,630
631,102.21082948284354,631
632,13.230731978971905,632
633,218.66868825045233,633
634,67.65146879517243,634
635,85196.20233399293,635
636,62.70663748505049,636
637,658.900974042357,637
638,0.2927569974834859,638
639,708.4341897979158,639
640,190.23248922574095,640
641,149.20535357485514,641
642,471.9933201899228,642
643,31.369376207073483,643
644,161.948247873111,644
645,414.5752821766019,645
646,5.912369824686875,646
647,1000.6127710018571,647
648,14.483613925031557,648
649,194.00592394967714,649
650,306.77447762155214,650
651,386.26339634936915,651
652,1050.4095392309368,652
653,19.20368362433298,653
654,816.6840226840008,654
655,133.34843570529765,655
656,320.0934453943263,656
657,79.43871448379647,657
658,1761.5040933275432,658
659,158.88489381350604,659
660,436.85583362641546,660
661,204.4326693941824,661
662,118.03886022303239,662
663,173.88812495838673,663
664,574.5610876919152,664
665,157.7932816181107,665
666,32037.167053475605,666
667,148.1976394994996,667
668,137.22215681624937,668
669,45.1757438945177,669
670,67.63002991160789,670
671,54.38493438082018,671
672,236.47068297507587,672
673,0.875770749928965,673
674,272.5459848374484,674
675,94.60771759033477,675
676,180.20871671904206,676
677,243.44549785590982,677
678,51.884751732952964,678
679,9.695205606650308,679
680,667.3487852309065,680
681,57.11415266876236,681
682,16.40391487506721,682
683,265.47206069028425,683
684,2.3567166328459783,684
685,733.5560112815658,685
686,96.893430799101,686
687,382.9595396267938,687
688,260.4689342303572,688
689,71.14073253839928,689
690,160.51940601749422,690
691,153.98004112647195,691
692,196.66022300193646,692
693,78.68751717398237,693
694,43.63836257670801,694
695,455.8532911169575,695
696,506.82069452138086,696
697,16.551853113530132,697
698,537.39775757805,698
699,713.580294962927,699
700,217.2127835457102,700
701,65.9415550718702,701
702,289.0204080003396,702
703,1006.249534948642,703
704,1.0476523238335964,704
705,116.00466176165833,705
706,161.5663941478213,706
707,0.44656983883835755,707
708,14.505435176509344,708
709,2.517296255435078,709
710,384.17143552407435,710
711,174.98838714145677,711
712,16.795142369794394,712
713,624.030650285893,713
714,673.5787822640282,714
715,28.313903920337754,715
716,295.064405801586,716
717,139.7209192260473,717
718,39.410459830489614,718
719,150.42840332267698,719
720,1071.6269792789922,720
721,1.5262650626999343,721
722,2.203905410077669,722
723,168.92287471917345,723
724,255.418347475807,724
725,278.83061650979045,725
726,43.89847168649868,726
727,15.606943448463817,727
728,616.5960757181907,728
729,1.435835799538541,729
730,138.00026982731555,730
731,188.42739989487538,731
732,1955.573859560133,732
733,87.62539120936145,733
734,101.29853900715851,734
735,86.26235750714814,735
736,76.94213913599502,736
737,42.26682533117164,737
738,48.384201849166246,738
739,278.06779066101353,739
740,0.2806174936878683,740
741,163.94336600186074,741
742,573.9234708457722,742
743,1090.3885025017594,743
744,145.63666914170417,744
745,34.48842732349448,745
746,104.54152558924636,746
747,105.33206968392474,747
748,278.13319834606875,748
749,45.55323524986102,749
750,245.68679051791423,750
751,207.10104062724207,751
752,41.85337936733468,752
753,152.25158383847105,753
754,237.84987286138022,754
755,72.01352407771536,755
756,201.45687823136333,756
757,126.11697506889769,757
758,238.8606125679725,758
759,235.4130384026853,759
760,233.21103251254445,760
761,496.3638687918565,761
762,137.08862346027354,762
763,178.61887725565458,763
764,112.21875611628968,764
765,0.0,765
766,76.56808205937936,766
767,1358.4239781983404,767
768,237.97098533611427,768
769,127.21841615939005,769
770,3621.0978582142525,770
771,99.43762951932425,771
772,791.7282569435605,772
773,94.93137917241688,773
774,355.0924060721425,774
775,233.6623506557035,775
776,56.648537623005126,776
777,118.75167239713589,777
778,176.76155615343774,778
779,13.908539773440815,779
780,279.54413075656464,780
781,707.679260638737,781
782,610.1362908419962,782
783,58.9067241924737,783
784,13210.095370598932,784
785,515.4558932445092,785
786,84.45721439775292,786
787,8010.706481570948,787
788,86.85721361885457,788
789,98.77320995236728,789
790,126.94023458014792,790
791,62.58165395791839,791
792,544.4072682882456,792
793,290.8886347180588,793
794,2.108324292906387,794
795,1110.0026859044624,795
796,1257.077254334049,796
797,186.74480527303632,797
798,291.52773090351536,798
799,130.09512015918202,799
800,367.4377592534259,800
801,26.363421797657296,801
802,597.5213095903787,802
803,37.861323503480975,803
804,138.3854579793733,804
805,743.7307760857569,805
806,30.02014879548392,806
807,89.42344563568447,807
808,203.9124502012972,808
809,549.1930692270222,809
810,129.22737536325437,810
811,93.4278855207078,811
812,106352.77548577162,812
813,13914.639840006033,813
814,60.93382956346988,814
815,84.47036784480092,815
816,136.27084328200982,816
817,54.46526576946621,817
818,62.61433037286306,818
819,130.34906388618188,819
820,388.42904843200785,820
821,19.16639172464823,821
822,37.42489605027704,822
823,48.81618228046683,823
824,100.6157542620649,824
825,145.86866948933803,825
826,58.297134714631866,826
827,172.65856136745643,827
828,130.4832711590688,828
829,39.61234968967182,829
830,238.65945806003717,830
831,160.19405161031855,831
832,73.08395875106518,832
833,118.60701672417464,833
834,206.90487556275525,834
835,269.27997091025117,835
836,115.19153794534111,836
837,537.8023363216914,837
838,707.7557559965352,838
839,245.70233981509529,839
840,113.06893792137184,840
841,244.99603934167965,841
842,59.5378145233107,842
843,161.13361002648847,843
844,190.5457357919161,844
845,218.89403532072774,845
846,13.519999931358049,846
847,2.3495609173459915,847
848,213.59973073892266,848
849,147.67789819280344,849
850,0.0,850
851,68.37887102280696,851
852,95.94445513661573,852
853,91.2633285839817,853
854,272.86314118174244,854
855,41.42894753453922,855
856,1191.3204228112227,856
857,175.9865153575015,857
858,103.33256955427191,858
859,226.49590468678218,859
860,569.7882254081904,860
861,194.56107515379836,861
862,181.68311716406032,862
863,137.5208133352922,863
864,120.5719796588125,864
865,276.2732498837901,865
866,139.69041752526942,866
867,1726.125214352786,867
868,0.0,868
869,228.73556709142332,869
870,195.46650269408852,870
871,682.3205521328051,871
872,104.68913525915079,872
873,79.06460181380683,873
874,170.00854810164864,874
875,323.5052150084912,875
876,242.01868290298466,876
877,278.1494259862803,877
878,63.36407203888342,878
879,110.13581004077527,879
880,65.93805729506279,880
881,102.9957515507518,881
882,0.03066561402780383,882
883,208.1800084197962,883
884,38.73089527651923,884
885,732.924836698992,885
886,190.77297083412662,886
887,82.65429292293092,887
888,155.44250768927924,888
889,709.6708204324844,889
890,0.0,890
891,107.42566636079113,891
892,227.37928838999846,892
893,0.808770074828808,893
894,124.52536913808589,894
895,219.78670040179645,895
896,12.268983793970316,896
897,80.95094951492567,897
898,218.16997850220284,898
899,89.35494538119956,899
900,137.55754246423265,900
901,22.092676249568477,901
902,131.69468026249567,902
903,280.15400048072735,903
904,86.13800347334579,904
905,94.06083249403535,905
906,527.6197096032614,906
907,49.99358432642855,907
908,154.9225751216314,908
909,1.9982147050645374,909
910,1086.062448600979,910
911,156.7875498764003,911
912,296.01587512747494,912
913,621.3411940592614,913
914,108.7121805108747,914
915,285.4756059477277,915
916,720.9756856208882,916
917,0.0,917
918,314.1437474904842,918
919,59.76709851277334,919
920,25.49754428684144,920
921,203.20410742490517,921
922,129.59077530225787,922
923,248.90548652302724,923
924,110.37135779359451,924
925,162.2339504084398,925
926,92.59211171362134,926
927,171.30092175650975,927
928,51.34431044713633,928
929,0.0,929
930,227.97528411988299,930
931,107.46110059088633,931
932,58.595482502384556,932
933,14.64135269967733,933
934,37.513763919349955,934
935,481.15074739648065,935
936,132.20671440033365,936
937,67.4798841242114,937
938,42.338058738673794,938
939,155.90071173470352,939
940,408.29893932082257,940
941,432.7681817566988,941
942,7.0710678118654755,942
943,190.41733997357423,943
944,102.66263499742779,944
945,256.4615927136428,945
946,133.35986929412954,946
947,64.87325929832039,947
948,428.79740660573873,948
949,217.6167722172559,949
950,157.16630769074442,950
951,656.0626604022461,951
952,112.69644123672796,952
953,138.53334113355842,953
954,110.87921847300052,954
955,111.0019922139225,955
956,144.7855237259572,956
957,213.8196676937863,957
958,0.0,958
959,37.47458302107005,959
960,103.18633024782508,960
961,131.12442987371912,961
962,167.21284638620656,962
963,163.75280091113723,963
964,322.40137910055864,964
965,275.56568355502327,965
966,0.0,966
967,1175.1500863855267,967
968,408.52932510202186,968
969,815.6662598865664,969
970,173.1237646067958,970
971,549.4533200907583,971
972,95.79599459667227,972
973,710.6883615801323,973
974,6135.397424170024,974
975,410.6162180179005,975
976,108.395392951433,976
977,64.20181177832953,977
978,75.50345105338285,978
979,120.9346979788583,979
980,8.735761327011959,980
981,131.56539612779034,981
982,194.35554082877246,982
983,64.45840792112737,983
984,134.57451016379923,984
985,181.26968738527512,985
986,286.06568766656756,986
987,144.89460730774098,987
988,271.22756294651845,988
989,9.945305382530234,989
990,159.93948506292338,990
991,92.3953554705692,991
992,340.8271925279083,992
993,160.74846327716557,993
994,57.494633676687855,994
995,357.8324246011402,995
996,119.82296973743169,996
997,9.740346104114737,997
998,110.64644147488971,998
999,304.6219774485977,999
1000,237.62541784823014,1000
1001,195.3281483258537,1001
1002,47.77023175341529,1002
1003,113.44542796512006,1003
1004,98.83547617366656,1004
1005,412.1455932139976,1005
1006,0.0,1006
1007,192.94029810484017,1007
1008,143.52069330673197,1008
1009,77.17395553676974,1009
1010,215.88051956101376,1010
1011,195.11296702878184,1011
1012,57.576158666425286,1012
1013,0.19606200108622407,1013
1014,0.0,1014
1015,240.06025147066688,1015
1016,88.73293321815284,1016
1017,192.44270123941791,1017
1018,254.32454943814855,1018
1019,816.0128517633804,1019
1020,0.0,1020
1021,162.34653144877433,1021
1022,119.59814326546203,1022
1023,55.87210204810768,1023
1024,477.3393746774265,1024
1025,90.1053327066817,1025
1026,445.9907261369692,1026
1027,120.83705211621893,1027
1028,164.01126017541674,1028
1029,90.61784238743384,1029
1030,34.31142473851889,1030
1031,357.5108706858699,1031
1032,1342.3362515453377,1032
1033,2.3143485195181945,1033
1034,55643.95438982259,1034
1035,196.52444031520255,1035
1036,901.1686432398313,1036
1037,860.7986377529284,1037
1038,10.551117778222745,1038
1039,42.9040184734315,1039
1040,83.41576956245882,1040
1041,95.9426611656744,1042
1042,108.28236598869285,1043
1043,15.83764846371247,1044
1044,261.1109965959749,1045
1045,62.69734805328588,1046
1046,2.5797739860819715,1047
1047,4.060860694343999,1048
1048,61.97321213420027,1049
1049,59.9061068124339,1050
1050,92.54845027357827,1051
1051,84.22029145244159,1052
1052,40.16908830071696,1053
1053,245.22938272599515,1054
1054,73.20055780660384,1055
1055,204.87651719718548,1056
1056,88.07828324017646,1057
1057,60.514973786047975,1058
1058,115.20110403079613,1059
1059,92.59122515138017,1060
1060,318.1063477327295,1061
1061,641.9812302741439,1062
1062,416.4820347009746,1063
1063,269.4999991842592,1064
1064,451.8810237734037,1065
1065,159.77742399493758,1066
1066,187.47417483975045,1067
1067,93.33112369342463,1068
1068,217.29165043477553,1069
1069,117.26689910758036,1070
1070,243.4354475597284,1071
1071,23.04934577461863,1072
1072,508.3977302335187,1073
1073,252.37547953759173,1074
1074,158.3631777672711,1075
1075,141.911908863505,1076
1076,119.73130896212945,1077
1077,151.71569155857915,1078
1078,3240.832843210718,1079
1079,297.4506241775405,1080
1080,407.5195385793686,1081
1081,215.68844669546905,1082
1082,140.60254246236252,1083
1083,177.0754131628858,1084
1084,49.00541262154691,1085
1085,115.4635054982651,1086
1086,714.488632434616,1087
1087,200.15104451988464,1088
1088,169.31507044305098,1089
1089,744.7998362216279,1090
1090,99.42088696270261,1091
1091,178.41984937112585,1092
1092,226.95697378075766,1093
1093,291.3264242717019,1094
1094,137.66360457157583,1095
1095,83.49241458648741,1096
1096,0.0,1097
1097,400.2869789448271,1098
1098,386.57084289442713,1099
1099,87.2786909198428,1100
1100,119.78105979514267,1101
1101,0.0,1102
1102,331.3999726628898,1103
1103,101.83433477246047,1104
1104,92.84972774174685,1105
1105,143.60557810589606,1106
1106,78.02055897934436,1107
1107,257.1085743597675,1108
1108,210.2873872553182,1109
1109,59.66189169295818,1110
1110,231.42978831666017,1111
1111,298.14548234952855,1112
1112,164.30708994822987,1113
1113,177.46962428307617,1114
1114,474.1565916003888,1115
1115,52.29021323277797,1116
1116,201.8118509496938,1117
1117,54.21672296267288,1118
1118,184.95576653630025,1119
1119,0.5276212722380152,1120
1120,218.55478569805294,1121
1121,64.18920943398521,1122
1122,126.98507686122373,1123
1123,64.70022806699524,1124
1124,1145.5850117119555,1125
1125,60.881349253855745,1126
1126,180.45989971563895,1127
1127,141.6334885769458,1128
1128,152.9117178728899,1129
1129,0.34682398205539927,1130
1130,144.4686631771906,1131
1131,61.72339784566563,1132
1132,1379.5654348966082,1133
1133,166.88929561502968,1134
1134,4.381184658784978,1135
1135,1585.389839087266,1136
1136,83.26885657554324,1137
1137,4855.242251435311,1138
1138,163.92323555411951,1139
1139,26545.807225665856,1140
1140,329.5658207131022,1141
1141,107.63818292726513,1142
1142,99.70862555427126,1143
1143,64.71912822645669,1144
1144,241.56676536828036,1145
1145,932.9688406974,1146
1146,0.0,1147
1147,178.34117576810297,1148
1148,76.33713954796401,1149
1149,128.1475879685271,1150
1150,204.65460221191412,1151
1151,496.8942040693057,1152
1152,1276.5436066579236,1153
1153,634.3443869390492,1154
1154,161.29953809382346,1155
1155,51.929545459507565,1156
1156,1461.5118246159873,1157
1157,2055.531318924992,1158
1158,219.64090755926293,1159
1159,235.6748490930692,1160
1160,878.5318840319455,1161
1161,118.22102658739473,1162
1162,621.9939149549795,1163
1163,61.911702867638866,1164
1164,62.99310677462543,1165
1165,77.18660583616608,1166
1166,107.63087393826082,1167
1167,181.80736567372654,1168
1168,66.00533287340753,1169
1169,1.3826658311173485,1170
1170,54.26863833694193,1171
1171,24.138217554455085,1172
1172,647.2540969217891,1173
1173,70.88913594212211,1174
1174,82.12162435515683,1175
1175,463.1757287661634,1176
1176,48.80537383027715,1177
1177,39.86227530939727,1178
1178,99.50038102007454,1179
1179,365.89812752690057,1180
1180,264.55134488211627,1181
1181,115.43414836604776,1182
1182,206.49635585617355,1183
1183,63.88046675613816,1184
1184,203.49474557096727,1185
1185,182.93516871159693,1186
1186,121.02807858086825,1187
1187,1233.581859797311,1188
1188,92.69161302709607,1189
1189,143.81759475123653,1190
1190,128.61431646258472,1191
1191,175.88197853518778,1192
1192,119.69574862883917,1193
1193,110.16506987321529,1194
1194,211.68928673590494,1195
1195,183.7933400282398,1196
1196,227.3824851792977,1197
1197,40.47011592287282,1198
1198,658.34494652814,1199
1199,52.81300857820577,1200
1200,117.16172485789802,1201
1201,22639.449824554114,1202
1202,293.29217724057185,1203
1203,109.45618747703527,1204
1204,76.10544300184208,1205
1205,124.11783656508294,1206
1206,90.17292070586589,1207
1207,82.12477052430043,1208
1208,222.67872029271928,1209
1209,255.0402715193996,1210
1210,171.9071826068436,1211
1211,209.19618934697561,1212
1212,371.9378743302702,1213
1213,3.904950731294912,1214
1214,258.5919646347215,1215
1215,55.84700287469385,1216
1216,9817.344733039063,1217
1217,453.01791336231804,1218
1218,147.26899465963032,1219
1219,10.146915897737372,1220
1220,110.07291047585822,1221
1221,64.66386044420148,1222
1222,246.20926178701785,1223
1223,153.66675820651844,1224
1224,0.3323708474457525,1225
1225,518.8915476893669,1226
1226,89.64729798218207,1227
1227,293.5636247173844,1228
1228,323.46189314920525,1229
1229,122.55528898527626,1230
1230,505.1927086696664,1231
1231,61.263590394942455,1232
1232,88.49337791133034,1233
1233,226.8562180541809,1234
1234,376.9981104046041,1235
1235,57.69345812269116,1236
1236,1178.7478076502653,1237
1237,152.14961985327798,1238
1238,73.96861295449881,1239
1239,225.61220460075526,1240
1240,54.77318769573839,1241
1241,19.968711994586528,1242
1242,303.46553299066625,1243
1243,904.8649599208721,1244
1244,549.9654150839183,1245
1245,82.66020661613462,1246
1246,9731.302444444444,1247
1247,172.47805617379365,1248
1248,262.1389260044618,1249
1249,258.9947340063227,1250
1250,349.72906926645305,1251
1251,171.30666176302853,1252
1252,175.0446628162195,1253
1253,280.6762894213957,1254
1254,178.89649358552407,1255
1255,203.15076262425572,1256
1256,206.19935576539103,1257
1257,61.97930824125448,1258
1258,393.52820671920904,1259
1259,646.8867938076495,1260
1260,319.9919627275643,1261
1261,138.75130961902508,1262
1262,149.5104687575056,1263
1263,164.6615461349606,1264
1264,113.66933904329,1265
1265,159.94390412018598,1266
1266,177.44357050555269,1267
1267,732.9479863587941,1268
1268,276.52434697531703,1269
1269,126.6673961106161,1270
1270,207.03711286553727,1271
1271,62.93182717928893,1272
1272,409.1660427328046,1273
1273,101.37806809996158,1274
1274,255.18227796349956,1275
1275,79.37147438756827,1276
1276,122.42991966443716,1277
1277,166.27015723318155,1278
1278,77.24345957039088,1279
1279,132.01064739691566,1280
1280,327.2514322335611,1281
1281,273.90474605391694,1282
1282,61.236088613569905,1283
1283,145.2282037651638,1284
1284,490.4317943070201,1285
1285,1153.9569593810706,1286
1286,139.22989994927485,1287
1287,28.312847247724726,1288
1288,19.795237601616225,1289
1289,546.7990244770631,1290
1290,10.131198168919587,1291
1291,86.70370274238316,1292
1292,159.33563732601692,1293
1293,232.97021687128955,1294
1294,463.716350880914,1295
1295,3.62156795805554,1296
1296,213.39452957231043,1297
1297,56.46778489839528,1298
1298,102.31815303006461,1299
1299,173.54819378801872,1300
1300,195.71660232802748,1301
1301,68.68780304340461,1302
1302,150.5133857051001,1303
1303,126.83482435787586,1304
1304,103.26153366939049,1305
1305,139.82017706449878,1306
1306,106.7834233658416,1307
1307,77.18690479854129,1308
1308,19.246462454924977,1309
1309,164.32652974058942,1310
1310,228.11467808145977,1311
1311,226.4549063022322,1312
1312,181.98591687039618,1313
1313,39.37323269553819,1314
1314,256.94620951201375,1315
1315,176.41505093898905,1316
1316,92.67426845752115,1317
1317,122.4448997852559,1318
1318,50.58807483178662,1319
1319,217.53342500788133,1320
1320,376.34243241475764,1321
1321,62.64410369250393,1322
1322,131.5570063444006,1323
1323,76.16680431031716,1324
1324,326.4553175243156,1325
1325,1.949742895092068,1326
1326,118.6727531660409,1327
1327,61.72799173505521,1328
1328,44.066598027093974,1329
1329,137.62464489776158,1330
1330,130.63653407986175,1331
1331,0.9857349896030991,1332
1332,61.0392075789441,1333
1333,119.4728299541531,1334
1334,5151.600315450816,1335
1335,422.3034841017978,1336
1336,148.67769240319427,1337
1337,31503.300812733047,1338
1338,10349.684801562264,1339
1339,95.1190299502702,1340
1340,258.1076193149376,1341
1341,243.11476626410524,1342
1342,331.58931641264815,1343
1343,68.23325906997098,1344
1344,194.5545350203724,1345
1345,326.9469155049667,1346
1346,391.87614307130536,1347
1347,88.38562062596932,1348
1348,425.6113806249678,1349
1349,122.50649268084351,1350
1350,66.95559001401567,1351
1351,71.15390737938785,1352
1352,181.59931948942176,1353
1353,458.494708663866,1354
1354,677.8742455135418,1355
1355,78.66211497212208,1356
1356,218.6809057920433,1357
1357,253.19791852222343,1358
1358,169.57754293333784,1359
1359,0.0,1360
1360,17.207821085353142,1361
1361,172.6001719981956,1362
1362,257.6065119910333,1363
1363,19474.17292124361,1364
1364,0.5425356270978874,1365
1365,59.96760929524255,1366
1366,0.0,1367
1367,247.82757858406737,1368
1368,105.81153771804983,1369
1369,40.296955019922734,1370
1370,31.826839385966686,1371
1371,26.788455305641683,1372
1372,88.16392592741353,1373
1373,41.328550480203816,1374
1374,87.76782643956548,1375
1375,389.30589194505603,1376
1376,199.44609452793426,1377
1377,45.38089379775956,1378
1378,90.47730017686811,1379
1379,424.179543715973,1380
1380,61.88630522309565,1381
1381,255.46037466623605,1382
1382,165.30623980940845,1383
1383,28.27607561939497,1384
1384,50.92856462422024,1385
1385,62.144743876103206,1386
1386,138.09411447028938,1387
1387,30.42870366548994,1388
1388,184.2674350154971,1389
1389,60.16385998568644,1390
1390,100.20013285331993,1391
1391,66.12860231177612,1392
1392,86.82700827799249,1393
1393,115.37402751172517,1394
1394,224.14675943816707,1395
1395,387.4912079861683,1396
1396,225.69325849539962,1397
1397,45.97454319951461,1398
1398,291.8690742543863,1399
1399,99.24627771710146,1400
1400,11.007563643892384,1401
1401,162.1665563085827,1402
1402,129.7864420542053,1403
1403,127.37849896053032,1404
1404,450.4786908620066,1405
1405,133.06115004345463,1406
1406,2.0715356968047134,1407
1407,222.24259241085286,1408
1408,204.88208641603865,1409
1409,521.8968342204668,1410
1410,709.1296805601298,1411
1411,1100.843167672657,1412
1412,73.32647494136353,1413
1413,106.4155491563257,1414
1414,144.47359677098947,1415
1415,34724.33312389656,1416
1416,141.6871636114712,1417
1417,637.0068980273883,1418
1418,86.99616998310327,1419
1419,253.438380179821,1420
1420,161.9534031500369,1421
1421,710.0302989497554,1422
1422,137.74430484223188,1423
1423,267.52621951613366,1424
1424,68.97619102446885,1425
1425,334.4712475354573,1426
1426,117.53299204439594,1427
1427,74.72587427133931,1428
1428,47.73968259890843,1429
1429,173.7560634493453,1430
1430,3.5961076403906485,1431
1431,240.77832472661783,1432
1432,101.33683572049287,1433
1433,3796.314239421461,1434
1434,298.2805088430608,1435
1435,110.44351046029561,1436
1436,83.2234078803964,1437
1437,144.21882845831948,1438
1438,801.0168428858225,1439
1439,4.0309782588040886,1440
1440,89.49729736948075,1441
1441,228.59358059498808,1442
1442,30.63912761338714,1443
1443,6597.279681383043,1444
1444,73.40836120465002,1445
1445,202.36232857472908,1446
1446,443.7572882690267,1447
1447,17.637648456731046,1448
1448,28.639137028077045,1449
1449,146.99262984824884,1450
1450,322.257542884288,1451
1451,98.60910512880308,1452
1452,529.0368240845518,1453
1453,117.67862993358685,1454
1454,299.637136411405,1455
1455,1282.2713712602933,1456
1456,174.2509253931764,1457
1457,107.56055160500787,1458
1458,21.892145108042605,1459
1459,330.7490101360985,1460
1460,35.054745306226856,1461
1461,53.63933669039399,1462
1462,134.50264405781022,1463
1463,5624.5765156225625,1464
1464,326.5440398316951,1465
1465,234.2615061940204,1466
1466,399.09424037982785,1467
1467,553.9526414483745,1468
1468,285.71259315553687,1469
1469,87.40776095149997,1470
1470,71.72821462820205,1471
1471,127.83018553100081,1472
1472,145.10714896502577,1473
1473,115.34175499912044,1474
1474,257.40081134385093,1475
1475,84.8654366174201,1476
1476,178.55743438508267,1477
1477,179.1088502140435,1478
1478,97.4826029489803,1479
1479,75.63963176218239,1480
1480,57.0965566304487,1481
1481,25.56999223379423,1482
1482,260.60008812660647,1483
1483,607.1955790201645,1484
1484,288.45268834517856,1485
1485,83.96471512938217,1486
1486,102.91916934077221,1487
1487,154.16650928969298,1488
1488,88.78498343601592,1489
1489,130.1472080690588,1490
1490,213.63363045886143,1491
1491,74.96673445145672,1492
1492,90.31850747933154,1493
1493,104.00397222837927,1494
1494,678.326053494994,1495
1495,91.51803352666515,1496
1496,151.39905991125502,1497
1497,95.17456091284963,1498
1498,67.0881421315085,1499
1499,375.84960254057023,1500
1500,1027.2847527160661,1501
1501,700.5266383754382,1502
1502,0.0,1503
1503,91.72919674951969,1504
1504,89.92465413571531,1505
1505,1450.729602450035,1506
1506,184.35439837953476,1507
1507,96.6287370499257,1508
1508,407.5707312047925,1509
1509,108.00572215211653,1510
1510,220.15181361893994,1511
1511,116.11542164366199,1512
1512,167.42052877584862,1513
1513,25.95084624276052,1514
1514,309.4553494650008,1515
1515,69.35756266377857,1516
1516,161.1645346714758,1517
1517,93.95079928494647,1518
1518,41.01621349200885,1519
1519,70.33937557446212,1520
1520,3730.7644926098783,1521
1521,184.37556611214436,1522
1522,159.931816707625,1523
1523,151.7573099982178,1524
1524,321.4306170269043,1525
1525,214.7522091352326,1526
1526,40.11931114909508,1527
1527,64.62236774107369,1528
1528,216.48299826469548,1529
1529,194.08551096332573,1530
1530,141.98204906847974,1531
1531,106.3449056649221,1532
1532,257.60649175714093,1533
1533,285.7004931069632,1534
1534,0.0,1535
1535,55.986682137977525,1536
1536,73.42249552176679,1537
1537,200.9331479055815,1538
1538,116.67398982223527,1539
1539,76.57174585261144,1540
1540,33.80951025786913,1541
1541,116.68089120835631,1542
1542,72.37588722140595,1543
1543,29.416102559505017,1544
1544,109.25130046799441,1545
1545,69.09422174369638,1546
1546,114.68547105316188,1547
1547,270.2617990526668,1548
1548,84.3742664299964,1549
1549,37.829563734601784,1550
1550,266.71529927837173,1551
1551,339.6607750682084,1552
1552,477.5996922129349,1553
1553,351.6080000617508,1554
1554,83.30088187456437,1555
1555,48.54304614496324,1556
1556,468.6850447193342,1557
1557,90.46205899304769,1558
1558,174.77423087921457,1559
1559,22.452746871513526,1560
1560,293.5149779525127,1561
1561,82.98857043795893,1562
1562,7.631884978170817,1563
1563,218.56832041011884,1564
1564,32.46773104573096,1565
1565,734.7450301762163,1566
1566,206.47476626251049,1567
1567,286.1120879254746,1568
1568,235.08749235728158,1569
1569,143.15284435104164,1570
1570,138.9221664168935,1571
1571,109.43910897023149,1572
1572,226.20484943087467,1573
1573,152.05804449906722,1574
1574,45.16159095752939,1575
1575,127.32983495912947,1576
1576,192.4956864599586,1577
1577,2.2912819427188906,1578
1578,284.3825131061917,1579
1579,25.055057625882284,1580
1580,55.18787945469545,1581
1581,124.66278927506315,1582
1582,144.75401237424893,1583
1583,81.78111044612449,1584
1584,311.8371053446428,1585
1585,257.39687421352517,1586
1586,803.4178909918111,1587
1587,152.51272892963974,1588
1588,91.31107048523624,1589
1589,214.6882994853231,1590
1590,32.564425393849575,1591
1591,79.78913673867754,1592
1592,48.50784094764601,1593
1593,36.68119480014375,1594
1594,444.60824318473396,1595
1595,88.38649642392491,1596
1596,278.1783497728379,1597
1597,467.90300374998014,1598
1598,61.07517937521467,1599
1599,2.9692824361107926,1600
1600,23.71745087254922,1601
1601,109.01852242682327,1602
1602,99.85464569980586,1603
1603,33.33386181790743,1604
1604,444.3507771113424,1605
1605,180.22036019408887,1606
1606,16.09355090088302,1607
1607,0.0,1608
1608,69.84056800529473,1609
1609,172.49555362274498,1610
1610,8039.820130479685,1611
1611,966.3002444905674,1612
1612,1710.5299710366146,1613
1613,461.81350217438444,1614
1614,104.9020212298723,1615
1615,141.1354332314732,1616
1616,94.18751912247617,1617
1617,84.92711602957637,1618
1618,103.93543097263033,1619
1619,299.52500085874794,1620
1620,41.23059941341874,1621
1621,382.37558668804894,1622
1622,87.8759128281985,1623
1623,958.8604869486802,1624
1624,44.76672134514777,1625
1625,134.61487742458144,1626
1626,578.2616015013829,1627
1627,192.75493311806022,1628
1628,77.66962325724614,1629
1629,295.16094499292956,1630
1630,295.3080551504142,1631
1631,80.55153056411373,1632
1632,364.4041887081515,1633
1633,298.46676296722734,1634
1634,433.6557023507806,1635
1635,414.1673534646336,1636
1636,47.621619246473166,1637
1637,156.66647163406793,1638
1638,111.99415707427195,1639
1639,1.6390860509603908,1640
1640,166.06195854922012,1641
1641,489.3115063897738,1642
1642,91.88550700167303,1643
1643,39.734658810591576,1644
1644,190.75966702956615,1645
1645,0.5103362681650636,1646
1646,49.0330406486683,1647
1647,72.5545642558356,1648
1648,88.26073038630504,1649
1649,107.41256744468973,1650
1650,67.5683782997071,1651
1651,146.4432265227448,1652
1652,199.19368127637475,1653
1653,74.31647811561893,1654
1654,0.0,1655
1655,262.1938017871785,1656
1656,121.61018554540274,1657
1657,108.19281757799654,1658
1658,1448.1670287671786,1659
1659,155.60363121701522,1660
1660,429.03037643744585,1661
1661,72.50112105251986,1662
1662,351.8949916004206,1663
1663,62358.31798490767,1664
1664,160.15474773589784,1665
1665,69.4592350877125,1666
1666,57.050871736405384,1667
1667,27.7916143320749,1668
1668,52.31212181179677,1669
1669,182.65246604356713,1670
1670,306.44405417080355,1671
1671,79.88276325870198,1672
1672,1319.807113616574,1673
1673,317.61156996030326,1674
1674,288.78243092416193,1675
1675,175.18003963758895,1676
1676,49.11144362420533,1677
1677,680.9006113283576,1678
1678,376.4531097124444,1679
1679,150.6525539310605,1680
1680,520.7714288919606,1681
1681,279.1106486333811,1682
1682,84.87564827761562,1683
1683,225.99822113911748,1684
1684,402.7901113117694,1685
1685,482.56491180534215,1686
1686,5.191657931587272,1687
1687,37.78166136020698,1688
1688,499.77983731448796,1689
1689,330.1678107913425,1690
1690,39.929577535941505,1691
1691,0.0,1692
1692,8.838967182208298,1693
1693,123.84112097726,1694
1694,257.2903450432759,1695
1695,713.2303583467992,1696
1696,272.22961816834845,1697
1697,171.65723531590146,1698
1698,177.52038226181136,1699
1699,0.0,1700
1700,121.05355850345443,1701
1701,228.8064125118783,1702
1702,243.1586203314562,1703
1703,410.0873220584982,1704
1704,163.85907935615208,1705
1705,145.53139855807018,1706
1706,10630.515801377385,1707
1707,791.192666301122,1708
1708,56.77269359299437,1709
1709,538.8838557178261,1710
1710,122.24777598946758,1711
1711,361.0698667246004,1712
1712,104.13549290846879,1713
1713,149.83826204833034,1714
1714,85.88456285372956,1715
1715,155.60526112589736,1716
1716,14.729699397068979,1717
1717,302.5776067970182,1718
1718,185.01376456502297,1719
1719,32.41659805978945,1720
1720,48.9991273729488,1721
1721,254.43388754357142,1722
1722,84.56476411102298,1723
1723,0.5392483131686889,1724
1724,85.98980076032318,1725
1725,230.21046524761573,1726
1726,5023.567298894749,1727
1727,623.5228393543777,1728
1728,141.38184452037424,1729
1729,207.7148843941972,1730
1730,50.43274096239898,1731
1731,192.29564766975378,1732
1732,102.11117105780889,1733
1733,175.15108006381664,1734
1734,34.858536646361785,1735
1735,158.68551582698188,1736
1736,51.05478088918342,1737
1737,137.94732908683585,1738
1738,666.9193001595692,1739
1739,186.15905894391219,1740
1740,0.0,1741
1741,273.6664784814207,1742
1742,43.19203678748005,1743
1743,264.82436662427256,1744
1744,214.2944352690533,1745
1745,73.14797366100352,1746
1746,73.22413448385923,1747
1747,72.51002540642719,1748
1748,122.87024592958966,1749
1749,25792.669445404925,1750
1750,91.15236039224408,1751
1751,185.7126764978446,1752
1752,126.06922101550245,1753
1753,0.7985495228538476,1754
1754,757.3444875346263,1755
1755,187.55329240687655,1756
1756,87.69627842684653,1757
1757,550.1705031671294,1758
1758,126.57369827097881,1759
1759,96.41357545404156,1760
1760,291.88898098844845,1761
1761,336.9752954214905,1762
1762,66.38780875457923,1763
1763,64.27092533716717,1764
1764,421.24275077286865,1765
1765,469.5022235674915,1766
1766,3972.5419034047864,1767
1767,33.829860505853595,1768
1768,173.72072548346236,1769
1769,431.02083864452237,1770
1770,10854.690562542277,1771
1771,202.83716809376287,1772
1772,387.82474731756525,1773
1773,78.4515802337457,1774
1774,375.07612602388633,1775
1775,129.50622256727968,1776
1776,422.7071853693086,1777
1777,107.0866247376144,1778
1778,57.35711591205874,1779
1779,93.136598144823,1780
1780,192.58510349931382,1781
1781,113.48691177790815,1782
1782,126.39004773691167,1783
1783,8.374360549253657,1784
1784,2314.2218867127285,1785
1785,266.41041075891883,1786
1786,23.187131293099263,1787
1787,538.672623418963,1788
1788,455.53253261574605,1789
1789,1214.403722687162,1790
1790,119.92810540559528,1791
1791,1028.1705073249645,1792
1792,65.94327343015549,1793
1793,120.92300749204202,1794
1794,395.18377699005043,1795
1795,172.74070022092096,1796
1796,116.61314150421039,1797
1797,187.56353393714465,1798
1798,585.5914123425398,1799
1799,235.57094373745716,1800
1800,59.40997699467864,1801
1801,132.8650276214845,1802
1802,199.79957338416173,1803
1803,1270.2730285785913,1804
1804,296.7153669418171,1805
1805,248.93059224660902,1806
1806,144.75187696986012,1807
1807,137.04824547979842,1808
1808,98.31781087878932,1809
1809,137.21386250384276,1810
1810,142.5757931807961,1811
1811,12.017758084245633,1812
1812,1633.571280372354,1813
1813,68.0816882548173,1814
1814,148.18792099955766,1815
1815,3485.130876000596,1816
1816,94.64988317066644,1817
1817,135.0217326159604,1818
1818,173.78875816956864,1819
1819,69.81019322149326,1820
1820,161.16370386819344,1821
1821,159.30370197183123,1822
1822,54.48381819294255,1823
1823,727.0577727852176,1824
1824,284.54579351089274,1825
1825,94.73912264388586,1826
1826,904.0794237417286,1827
1827,17.240962132392056,1828
1828,314.6003477448991,1829
1829,271.83200945736746,1830
1830,125.69454090225527,1831
1831,19.112069735209726,1832
1832,137.15509255792824,1833
1833,257.2052214609333,1834
1834,934.8568081210699,1835
1835,53.164410752632634,1836
1836,65.18446216487928,1837
1837,142.3022787736682,1838
1838,210.58162714898714,1839
1839,82.75901661115803,1840
1840,0.0,1841
1841,142.83115909502058,1842
1842,0.0,1843
1843,18.516371899832755,1844
1844,672.4592099822314,1845
1845,113.18292137403827,1846
1846,279.2987216016316,1847
1847,196.64765160261356,1848
1848,113.70917185651712,1849
1849,120.28898735843694,1850
1850,1592.84183201356,1851
1851,76.95059321527282,1852
1852,263.122448719207,1853
1853,207.6377282299244,1854
1854,585.0200269504262,1855
1855,358.9677712303693,1856
1856,67.89843272285934,1857
1857,0.0,1858
1858,727.8251970080208,1859
1859,339.0631034598179,1860
1860,268.6910741904172,1861
1861,1374.7234944213337,1862
1862,224.212335981891,1863
1863,95.0319857127568,1864
1864,8.147042279555308,1865
1865,77.56760003584162,1866
1866,88.24226152911146,1867
1867,97.6105493396667,1868
1868,526.2957562977645,1869
1869,280.2518278539169,1870
1870,45.08690346970623,1871
1871,126.9847194481984,1872
1872,114.07262033706658,1873
1873,56.77596155110571,1874
1874,0.0,1875
1875,549.5419100139507,1876
1876,321.5037099556962,1877
1877,206.00920962679413,1878
1878,1732.7708155742112,1879
1879,115.45822808227541,1880
1880,139.5825047376324,1881
1881,19.373463613405523,1882
1882,86.48517817967902,1883
1883,76.47161426223651,1884
1884,163.91641131051435,1885
1885,551.4877920272979,1886
1886,113.42709837977337,1887
1887,81.69961324130581,1888
1888,200.26030940307174,1889
1889,1.146010999888007,1890
1890,456.0048186752931,1891
1891,8.679521901329394,1892
1892,806.5367700462518,1893
1893,446.38485067211246,1894
1894,149.00113585683604,1895
1895,0.0,1896
1896,196.96055665500336,1897
1897,111.38510017781712,1898
1898,29.93497527882667,1899
1899,362.5991262558229,1900
1900,112.08417437428672,1901
1901,546.8296752768729,1902
1902,73.6670658113232,1903
1903,189.86190615667948,1904
1904,130.55964027144637,1905
1905,3626.151301340713,1906
1906,283.9334415299786,1907
1907,2.4739774773783934,1908
1908,93.02855300442775,1909
1909,58.63151905554281,1910
1910,0.11579364676059735,1911
1911,98.78370421994035,1912
1912,198.31228231589233,1913
1913,217.078588829349,1914
1914,33.42189544097961,1915
1915,0.21870051284859723,1916
1916,402.29682405038307,1917
1917,38.16638714856198,1918
1918,107.13143191510622,1919
1919,149.7350227577907,1920
1920,301.47166328888574,1921
1921,384.0879367395432,1922
1922,191.5789463273592,1923
1923,295.7872758668831,1924
1924,122.97299265009494,1925
1925,233.83860137237178,1926
1926,68.14045044527856,1927
1927,47.32484142022534,1928
1928,51.878543725884604,1929
1929,120.75120365800197,1930
1930,814.3422452413583,1931
1931,91.36940392787841,1932
1932,485.2358173289989,1933
1933,256.4748540519678,1934
1934,65.37479881853989,1935
1935,73.4111883699797,1936
1936,335.53435382084643,1937
1937,229.77439648534846,1938
1938,84.18122290935366,1939
1939,322.3677642109572,1940
1940,28.61302052992545,1941
1941,239.26853366849474,1942
1942,117.82313426162177,1943
1943,15.217647601263616,1944
1944,249.02561194707215,1945
1945,0.0,1946
1946,98.61301619088388,1947
1947,96.17219266919687,1948
1948,30.976707702738878,1949
1949,33.49573378773195,1950
1950,66.92466909798124,1951
1951,75.64288224109865,1952
1952,398.9713202436682,1953
1953,151.04425741815453,1954
1954,282.516821014473,1955
1955,0.0,1956
1956,249.4754951943782,1957
1957,520.8614602864362,1958
1958,234.80280217666652,1959
1959,0.588641277322109,1960
1960,185.90124174601814,1961
1961,31.63983729079066,1962
1962,112.94904503488063,1963
1963,231.26990271665028,1964
1964,281.7315092205828,1965
1965,424.93354732334524,1966
1966,200.11876729746382,1967
1967,44.8941345909484,1968
1968,120.06809075874216,1969
1969,1.9561775699862172,1970
1970,1828.1702688590303,1971
1971,104.69526161985017,1972
1972,220.77938446545036,1973
1973,74.68974112601953,1974
1974,193.31656720063032,1975
1975,157.6611630776056,1976
1976,13.81983371225557,1977
1977,48.28851122343977,1978
1978,380.1181315742617,1979
1979,194.74306243854764,1980
1980,580.3027173750426,1981
1981,121.4582861809657,1982
1982,225.27427344492432,1983
1983,43.96790673794334,1984
1984,215.53959329288634,1985
1985,8.350773333543437,1986
1986,46.56185128577957,1987
1987,557.2162901982176,1988
1988,0.0,1989
1989,95.58564521982288,1990
1990,1611.7401356299588,1991
1991,46.67568968218052,1992
1992,20.413346159445613,1993
1993,0.11222222222222222,1994
1994,122.452946062584,1995
1995,34.62484146075783,1996
1996,163.78123510269725,1997
1997,66.87084105606256,1998
1998,289.387399404214,1999
1999,217.73467898275342,2000
2000,106.3789564478843,2001
2001,112.4326740010597,2002
2002,54.815324420788286,2003
2003,186.22906564875805,2004
2004,143.46371691454186,2005
2005,9.419420760371429,2006
2006,36.3770702510362,2007
2007,51.48072919778435,2008
2008,83.20755406195232,2009
2009,118.73320964782278,2010
2010,83.96878222103584,2011
2011,186.193769970069,2012
2012,129.10819821658632,2013
2013,13.803543415225922,2014
2014,443.22027616412237,2015
2015,101.12874677757702,2016
2016,176.18274241194968,2017
2017,175.74764448939715,2018
2018,38.78485648458107,2019
2019,40.37310912825508,2020
2020,2503.9233187521154,2021
2021,63.420004781227256,2022
2022,60.37606091702229,2023
2023,622.1449790252062,2024
2024,116.2050948123287,2025
2025,260.6924855049208,2026
2026,31.00336940384385,2027
2027,120.20447404871014,2028
2028,2760.6244650627013,2029
2029,21.567296864610107,2030
2030,283.68831857624514,2031
2031,145.73788428741597,2032
2032,169.81261744183527,2033
2033,43.26352233312666,2034
2034,0.0,2035
2035,76.84882934804952,2036
2036,60.93597699155902,2037
2037,117.90707579423295,2038
2038,54.414627154089956,2039
2039,110.5995553581652,2040
2040,499.47714269909346,2041
2041,52.343480462548904,2042
2042,99.19273605673985,2043
2043,105.36874681943775,2044
2044,162.67263575388918,2045
2045,245.51400745027948,2046
2046,225.40881760816282,2047
2047,221.27394965665212,2048
2048,41.481266581729656,2049
2049,565.0155330907897,2050
2050,132.53485115966828,2051
2051,106.00014759568863,2052
2052,423.4349201649957,2053
2053,265.19416524604696,2054
2054,173.1815723853266,2055
2055,131.38664233230742,2056
2056,258.7204507093586,2057
2057,29.136834874895467,2058
2058,877.8968758266858,2059
2059,805.6534019892889,2060
2060,106.84741324411813,2061
2061,564.5622205709133,2062
2062,8670.970730884465,2063
2063,2190.734747739538,2064
2064,363.45192392827016,2065
2065,479.1982339518666,2066
2066,34.696787710046536,2067
2067,11204.414053709097,2068
2068,0.0,2069
2069,72.44422244379514,2070
2070,137.14056015881775,2071
2071,8.680570033566198,2072
2072,83.48632421799083,2073
2073,172.3016892338982,2074
2074,0.32453944404693874,2075
2075,235.50071877989964,2076
2076,44.852575734248916,2077
2077,206.20932513639696,2078
2078,103.41456082995485,2079
2079,292.09018332928076,2080
2080,81.25538439031021,2081
2081,111.72879765233114,2082
2082,21.39361242253822,2083
2083,462.3180579482572,2084
2084,383.56437858523435,2085
2085,351.66073380596515,2086
2086,4431.97873477765,2087
2087,98.06426237794322,2088
2088,340.98498735466194,2089
2089,171.53586839801127,2090
2090,260.7809026853668,2091
2091,90.6370553092188,2092
2092,1802.9200160781893,2093
2093,180.26058938821183,2094
2094,16.47327776652765,2095
2095,93.9216484491447,2096
2096,87.98475015254022,2097
2097,310.2692430865874,2098
2098,44.667492352162625,2099
2099,137.31027272732382,2100
2100,557.2398262605611,2101
2101,51.49733234716722,2102
2102,134.36888143410465,2103
2103,127.87972505895966,2104
2104,342.8166750863976,2105
2105,119.17201708982415,2106
2106,477.0604339367533,2107
2107,57.918547240979066,2108
2108,56.790407681645945,2109
2109,256.1333562253471,2110
2110,156.99887684204126,2111
2111,42.46842710358738,2112
2112,999.021237666018,2113
2113,181.85296305496888,2114
2114,311.0453495504909,2115
2115,1042.1933465310428,2116
2116,46.31251636567515,2117
2117,687.7115443226957,2118
2118,104.14698616367927,2119
2119,116.21524643117657,2120
2120,61.2622685553682,2121
2121,75.1529599189463,2122
2122,467.46586764686094,2123
2123,552.438306223772,2124
2124,84.71558317761045,2125
2125,88.19275747349356,2126
2126,301.96620979484385,2127
2127,188.30602258287269,2128
2128,191.85721537719016,2129
2129,222.84073637794467,2130
2130,307.3667626168233,2131
2131,20.806453539003062,2132
2132,10.131328699294418,2133
2133,115.29845873609678,2134
2134,0.0,2135
2135,1129.7967298071153,2136
2136,1.961406905992196,2137
2137,11.025956663822193,2138
2138,96.54847538986469,2139
2139,8.729567355718805,2140
2140,84.95896003193246,2141
2141,142.77998177550083,2142
2142,46660.14837183541,2143
2143,94.15805427857661,2144
2144,307.60443090000524,2145
2145,153.37248621135987,2146
2146,175.87852466913534,2147
2147,352.64202992395286,2148
2148,163.3432803582364,2149
2149,111.08008150932552,2150
2150,131.01396701029466,2151
2151,251.22468677607793,2152
2152,276.1427963910304,2153
2153,777.7887206293651,2154
2154,195.77823723572322,2155
2155,1432.3111918192203,2156
2156,327.9821972773285,2157
2157,165.25619135229186,2158
2158,181.7019561444217,2159
2159,185.19938711498992,2160
2160,129.47912431206007,2161
2161,350.92364314403517,2162
2162,104.99746473471318,2163
2163,305.21150996348905,2164
2164,370.66834896381306,2165
2165,240.01962032680686,2166
2166,445.5386876976834,2167
2167,375.52176429713063,2168
2168,346.89052884705205,2169
2169,310.8012235144365,2170
2170,4.440835587786459,2171
2171,315.97592326257336,2172
2172,184.067493589393,2173
2173,0.0,2174
2174,72.13034642383832,2175
2175,53.49228918080286,2176
2176,172.27113957578814,2177
2177,10.291989820378467,2178
2178,115.41437682897063,2179
2179,269.8371654341403,2180
2180,181.63482960673463,2181
2181,152.0415624587344,2182
2182,184.94956009076728,2183
2183,230.09415576072976,2184
2184,1593.7812421492154,2185
2185,68.3674443348548,2186
2186,0.6765098214801231,2187
2187,116.9151318124051,2188
2188,93.05117863180988,2189
2189,90.53948516469396,2190
2190,219.98908733387412,2191
2191,160.48495122855104,2192
2192,289.39116739436287,2193
2193,1039.659254396267,2194
2194,0.0,2195
2195,947.2950302538256,2196
2196,8.918992261416465,2197
2197,162.36120181515975,2198
2198,367.6144205755287,2199
2199,1.7461621318220502,2200
2200,104.82221599820514,2201
2201,263.6975279482152,2202
2202,350.290360106205,2203
2203,1575.3604003475875,2204
2204,292.9821762876003,2205
2205,187.42405977142235,2206
2206,107.12742433955385,2207
2207,637.2365498596203,2208
2208,152.71883920649856,2209
2209,63.98947931345167,2210
2210,73.20465890602287,2211
2211,100.93869816493631,2212
2212,94.04278061233313,2213
2213,1274.0890743466252,2214
2214,208.21726100625554,2215
2215,86.28894468376546,2216
2216,202.34911838901286,2217
2217,109.92881527054412,2218
2218,75.35832448331749,2219
2219,56.56819738975713,2220
2220,889.4520809883825,2221
2221,221.38269298825807,2222
2222,2805.529974140918,2223
2223,64.47322498254061,2224
2224,488.2607618368046,2225
2225,73.9766445805993,2226
2226,65.85619892524191,2227
2227,72.02185063591514,2228
2228,183.79732426838063,2229
2229,226.80159872033911,2230
2230,1354.769024056094,2231
2231,527.7709237755272,2232
2232,270.463473093381,2233
2233,37.13784818307438,2234
2234,721.5171771125199,2235
2235,211.30479276270114,2236
2236,414.6407965269637,2237
2237,94.84900022896018,2238
2238,219.85595839194156,2239
2239,0.0,2240
2240,152.92808511724834,2241
2241,19.21494174965934,2242
2242,181.27990682736203,2243
2243,539.0746353218514,2244
2244,140.95841735778308,2245
2245,96.33063866530655,2246
2246,305.16195977037705,2247
2247,1301.9369473382392,2248
2248,0.0,2249
2249,30.323850058094607,2250
2250,91.59219537854224,2251
2251,881.2024108153018,2252
2252,148.82641988520282,2253
2253,66.76564832496489,2254
2254,442.4280117952129,2255
2255,10175.59592559034,2256
2256,85.66254488676614,2257
2257,127.95361771235847,2258
2258,72.72577745814223,2259
2259,366.53194571250265,2260
2260,59.18405359708537,2261
2261,299.20961610188317,2262
2262,153.7191821681378,2263
2263,236.55412157023306,2264
2264,646.2116261078653,2265
2265,0.2833889367763059,2266
2266,21.35890502571646,2267
2267,111.53628148528193,2268
2268,155.94318919938047,2269
2269,929.1251969922266,2270
2270,159.09148086391173,2271
2271,6953.665631035436,2272
2272,128.0603140697847,2273
2273,1.6123308580164228,2274
2274,113.90513666245441,2275
2275,97.7211111833499,2276
2276,26.318233515406916,2277
2277,169.88398529975626,2278
2278,70.10125391560932,2279
2279,133.48607174045605,2280
2280,105.51569309886094,2281
2281,42.0465689143112,2282
2282,446.6212520143169,2283
2283,537.8433010224277,2284
2284,276.759987535997,2285
2285,420.4971572723368,2286
2286,272.04673247110514,2287
2287,240.9003982458475,2288
2288,155.30922865514833,2289
2289,9542.925467555837,2290
2290,298.7821336518362,2291
2291,304.5130771621616,2292
2292,467.38314717829445,2293
2293,329.95007544297516,2294
2294,80.63451595958651,2295
2295,9271.714366244722,2296
2296,113.20058241850558,2297
2297,154.16328230240606,2298
2298,114.45848372097262,2299
2299,356.0623519542458,2300
2300,341.52347840785274,2301
2301,206.4607258039838,2302
2302,116.01870056670938,2303
2303,38.348157930217326,2304
2304,4.748884394662667,2305
2305,117.26838861232369,2306
2306,284.74538046344213,2307
2307,158.448296953395,2308
2308,132.0128722858297,2309
2309,397.6188738147905,2310
2310,103.91092643613996,2311
2311,79.16581796913424,2312
2312,165.18106610495653,2313
2313,260.09568194075524,2314
2314,129.17545040304162,2315
2315,96.56765962409497,2316
2316,61.82318986579119,2317
2317,78.29422502654317,2318
2318,199.5319163756099,2319
2319,299.4613925044106,2320
2320,127.05235248346817,2321
2321,1227.625027647216,2322
2322,167.22311170064074,2323
2323,214.88671141549307,2324
2324,208.78495882521997,2325
2325,547.2862288053628,2326
2326,175.186604037458,2327
2327,197.59411681315973,2328
2328,0.0,2329
2329,10.784402420314832,2330
2330,92.18012337721305,2331
2331,276.435532652782,2332
2332,213.30166078788454,2333
2333,139.03923989843332,2334
2334,461.15881205795597,2335
2335,19.633184873282925,2336
2336,174.82651189007044,2337
2337,100.72317684860536,2338
2338,113.2955080138042,2339
2339,140.29728835179415,2340
2340,61.35955909235294,2341
2341,3.5347795566490703,2342
2342,23.24350413211694,2343
2343,70.18076159129465,2344
2344,271.51027601610036,2345
2345,369.0449753193866,2346
2346,101.1112784489477,2347
2347,137.56054469599232,2348
2348,45.34507819530694,2349
2349,203.35953680608566,2350
2350,35.95268377741423,2351
2351,175.4012621616631,2352
2352,244.80838500850115,2353
2353,111.49079212080915,2354
2354,139.27791942314616,2355
2355,625.9442545481604,2356
2356,543.7360830512954,2357
2357,106.94729163362231,2358
2358,33.605556990775725,2359
2359,149.14998207027938,2360
2360,48.456697689871184,2361
2361,221.048651588013,2362
2362,69.81684497684452,2363
2363,80.88186309792323,2364
2364,164.30328066472987,2365
2365,81.73705240320446,2366
2366,473.3211518398725,2367
2367,107.95807896636353,2368
2368,50.23654671130717,2369
2369,222.6410747051711,2370
2370,38.19857108385539,2371
2371,151.16742962155033,2372
2372,0.5855360413667359,2373
2373,105.76661720576575,2374
2374,155.8793863248717,2375
2375,170.9682133632898,2376
2376,52.52007364204838,2377
2377,109.7879304103308,2378
2378,85.15870452297948,2379
2379,1.2833540721222034,2380
2380,235.40285612086103,2381
2381,165.0068504625697,2382
2382,0.3306458365243712,2383
2383,85.89947144573895,2384
2384,1419.7453431780618,2385
2385,268.07508805314853,2386
2386,106.0829070955016,2387
2387,329.3686299026985,2388
2388,255.6049980303137,2389
2389,141.76104138223053,2390
2390,52.806119139522295,2391
2391,238.53799616683142,2392
2392,62.29707051649679,2393
2393,372.3539008923104,2394
2394,184.50124094620404,2395
2395,343.92780009896984,2396
2396,115.60572603970813,2397
2397,412.046097235414,2398
2398,57.5958287459626,2399
2399,41.228955386062836,2400
2400,315.32203638308476,2401
2401,577.1266880635628,2402
2402,372.5959018929338,2403
2403,0.0,2404
2404,648.8375825975772,2405
2405,141.64890146190234,2406
2406,143.64011168361392,2407
2407,873.219332154219,2408
2408,592.8148774308983,2409
2409,96.29608516089822,2410
2410,4.260709715603818,2411
2411,189.09167926281995,2412
2412,283.58353013225076,2413
2413,111.85996996114407,2414
2414,96.84720752252701,2415
2415,1204.6160600936587,2416
2416,904.3696532653346,2417
2417,407.8670147806082,2418
2418,270.8208590782049,2419
2419,295.91831303021655,2420
2420,56.15401759793541,2421
2421,43.48000365041256,2422
2422,0.0,2423
2423,142.69643997300471,2424
2424,88.16383760138086,2425
2425,502.0438199022768,2426
2426,75.15089062522921,2427
2427,303.10069036495094,2428
2428,79.13229317533762,2429
2429,71.35745326694789,2430
2430,150.9144476078821,2431
2431,564.5299344808043,2432
2432,59.002819046048685,2433
2433,9155.3534473676,2434
2434,173.56418468489076,2435
2435,5128.585487907643,2436
2436,658.543469214024,2437
2437,781.3710948590364,2438
2438,0.0,2439
2439,0.0,2440
2440,127.26545383854085,2441
2441,482.45042767175767,2442
2442,255.43438236071387,2443
2443,7.35101072216052,2444
2444,3783.3162424214715,2445
2445,121.08240638929442,2446
2446,470.94611021581056,2447
2447,301.71415526063856,2448
2448,1.9384881451487275,2449
2449,0.0,2450
2450,274.090196726611,2451
2451,869.9150422640737,2452
2452,56.55414177282895,2453
2453,163.96898106984193,2454
2454,179.73584315369402,2455
2455,149.85949765740608,2456
2456,242.90016793346481,2457
2457,371.48446604529113,2458
2458,8666.984762116745,2459
2459,5052.594595993916,2460
2460,248.42866147582265,2461
2461,505.99141731959185,2462
2462,339.07896001876196,2463
2463,1673.649287699829,2464
2464,0.0,2465
2465,2800.0773948547226,2466
2466,129.89149050748438,2467
2467,612.7962377183593,2468
2468,245.8058619357256,2469
2469,566.1090310320901,2470
2470,7868.5315720949775,2471
2471,235.66891650991064,2472
2472,35.34590965776044,2473
2473,164.2804254675368,2474
2474,89.65713009674344,2475
2475,460.5387413533992,2476
2476,598.9686908840849,2477
2477,160.75021294861128,2478
2478,2508.1150989485996,2479
2479,372.52948836781405,2480
2480,12383.638994510682,2481
2481,385.21133446928525,2482
2482,3988.806646062184,2483
2483,369.27380065394266,2484
2484,339.0818789900835,2485
2485,274.6623045819611,2486
2486,565.4385999027353,2487
2487,184.32369472230016,2488
2488,2872.3999536642364,2489
2489,673.3695764532937,2490
2490,91.32994820668992,2491
2491,779.9492342327493,2492
2492,66.87058334096625,2493
2493,988.1201567859347,2494
2494,217.5128834288402,2495
2495,262.24592521385205,2496
2496,331.3230830423322,2497
2497,110.2114717371519,2498
2498,2148.209150776065,2499
2499,145.98922690676164,2500
2500,144.80449060404368,2501
2501,681.0173757177137,2502
2502,79.57538451181101,2503
2503,27.5900113150958,2504
2504,254.85363010964988,2505
2505,117.82730931058163,2506
2506,46.01936636386425,2507
2507,128.95501744887196,2508
2508,147.2900531916004,2509
2509,157.25900373128286,2510
2510,0.12174513440686444,2511
2511,1784.4968220682754,2512
2512,14560.461835593836,2513
2513,91.9187996398704,2514
2514,1510.9356410098626,2515
2515,542.4347797631826,2516
2516,122.87385447393582,2517
2517,36.94660944206007,2518
2518,650.3596680420767,2519
2519,379.6203729757181,2520
2520,698.1102824858758,2522
2521,3588.4839565954026,2523
2522,232.45082916376566,2524
2523,31.388257837256187,2525
2524,135.04340384102528,2526
2525,87.37239616613414,2527
2526,670.4801061008123,2528
2527,47.59945247516943,2529
2528,109.90536191955147,2530
2529,94.26064902506496,2531
2530,72.63929149010514,2532
2531,16590.957847577993,2533
2532,240.40078921776458,2534
2533,302.54311971925245,2535
2534,306.963448275862,2536
2535,0.0,2537
2536,531.960375734612,2538
2537,1499.1805378729355,2539
2538,32.22482758620689,2540
2539,94.54529091289457,2541
2540,0.0,2542
2541,159.0378217416416,2543
2542,0.0,2544
2543,0.0,2545
2544,0.0,2546
2545,0.0,2547
2546,331.99728788070183,2548
2547,207.56085114750942,2549
2548,10587.2391534926,2550
2549,13.55320358016491,2551
2550,743.4202035971574,2552
2551,306.37984843431553,2553
2552,41.600495735326675,2554
2553,61.885573580055855,2555
2554,51.21094051539083,2556
2555,218.60993576148482,2557
2556,46.835928363662866,2558
2557,58.287252013312525,2559
2558,284.0279676943421,2560
2559,474.7041909616003,2561
2560,91.8412737803753,2563
2561,38.906451628580236,2564
2562,408.5124741900097,2565
2563,276.08406983336533,2566
2564,139.54557114734342,2567
2565,139.31195010797612,2568
2566,1064.3499816777066,2569
2567,575.4776136297065,2570
2568,4106.699672470643,2571
2569,1015.9520725896327,2572
2570,0.0,2573
2571,1301.9618819862567,2574
2572,12.922016967413642,2575
2573,219.68382596528394,2576
2574,173.95054367006247,2577
2575,4192.38049110622,2578
2576,103.63538965945418,2579
2577,110.62753458959358,2580
2578,4.974496205647362,2581
2579,2853.4131799447296,2582
2580,350.32900681221076,2583
2581,0.0,2584
2582,193.76829877302384,2585
2583,17.242002564743892,2586
2584,66.60130265590843,2587
2585,2.8380987326582616,2588
2586,23.905017552776236,2589
2587,220.9854760882267,2590
2588,180.65791875029382,2591
2589,192.55709014675483,2592
2590,153.54504866447303,2593
2591,48.120995247505526,2594
2592,16.565097056297372,2595
2593,222.51918634618607,2596
2594,0.5906776250382436,2597
2595,157.980048751215,2598
2596,406.8469707777482,2599
2597,279.02131191060175,2600
2598,54.69050869432531,2601
2599,121.79000654773155,2602
2600,125.61439869887066,2603
2601,598.8074276110062,2604
2602,4.114659906134965,2605
2603,224.10610262552947,2606
2604,82.22465986982434,2607
2605,115.28088018856229,2608
2606,52.60607669502576,2609
2607,389.4901238394674,2610
2608,104.52152252185432,2611
2609,211.399756974857,2612
2610,36.50552861451925,2613
2611,124.04878711163909,2614
2612,217.05705770886857,2615
2613,3.9461263877094535,2618
2614,237.34035324147024,2619
2615,94.92149585059492,2620
2616,249.49886566129564,2621
2617,199.25202189543998,2622
2618,182.68966129480614,2623
2619,9967.01276228168,2624
2620,52.85835908647623,2625
2621,111.03145726484094,2626
2622,575.6972778600084,2627
2623,355.4786219747674,2628
2624,116.44482157131858,2629
2625,63.10238253814802,2630
2626,206.86373910402503,2631
2627,627.6599886825159,2632
2628,20.53148707430843,2633
2629,676.8180945626352,2634
2630,3124.364305090475,2635
2631,129.65143474446086,2637
2632,132.93843076240262,2638
2633,166.7973034009661,2639
2634,109.2758119992177,2640
2635,14.242147486522315,2641
2636,99.70746268656715,2642
2637,425.09260782103115,2643
2638,238.7980832895295,2644
2639,47.12465411815285,2645
2640,338.47505035324843,2646
2641,315.8709392364198,2647
2642,335.3497300846115,2648
2643,433.81602639983964,2649
2644,87.40811693907993,2650
2645,337.3773531921104,2651
2646,995.8508092789174,2652
2647,220.56073007224347,2653
2648,23.150863874047257,2654
2649,10483.980955743911,2655
2650,45.36737721837046,2656
2651,126.64907679053086,2657
2652,1746.5386727787181,2658
2653,155.68078333146394,2659
2654,80.12149523386918,2660
2655,279.27713408171667,2661
2656,951.2127296834948,2662
2657,95.8657373547824,2663
2658,220.9808511233643,2664
2659,12085.513106094984,2665
2660,28.870064138355744,2666
2661,1191.1792613531388,2667
2662,11.428606627682102,2668
2663,37.1576076629158,2669
2664,7772.969987888906,2670
2665,116.43501525472719,2671
2666,521.6445903004113,2673
2667,28.136915631807774,2674
2668,251.62063585731812,2675
2669,156.24063497267002,2676
2670,1249.0488383060963,2677
2671,359.7955975001571,2678
2672,51.215768359622295,2679
2673,240.12853274468725,2680
2674,96.68089367347956,2681
2675,94.41518553794094,2682
2676,258.81975673462307,2683
2677,886.3729753798707,2684
2678,493.342580844705,2685
2679,100.44328070580876,2687
2680,330.4428499584061,2688
2681,1744.4729055990858,2689
2682,268.5547266869867,2690
2683,132.1369367421152,2691
2684,139.89471014696215,2692
2685,31.654935686209342,2693
2686,0.0,2694
2687,139.01480981139466,2696
2688,124.62609401945065,2697
2689,135.67001921559898,2698
2690,98.80250305031895,2699
2691,381.3726679561027,2700
2692,396.5923978299002,2701
2693,230.71197940460274,2702
2694,1810.2222216680002,2703
2695,420.34286674025,2704
2696,66.65331018711478,2705
2697,3.289753406053097,2706
2698,129.5857344355389,2707
2699,119.46299482931474,2708
2700,422.9703296932688,2709
2701,0.0,2710
2702,77.07848290277141,2712
2703,17.263184319059064,2713
2704,292.1695372966038,2714
2705,599.8369400581906,2715
2706,441.1350455097238,2716
2707,0.0,2719
2708,22.674740484429066,2720
2709,23.779999999999998,2721
2710,0.9043247705685162,2722
2711,135.37639389409054,2742
2712,335.1876120579472,2745
2713,7.299112480482368,2748
2714,0.6524502428111506,2749
